force
19.53240319964451
17.100022259366952
23.514396955509195
26.05197253868719
20.545318510519323
35.80470235896107
20.430661722522007
20.296205875978035
23.68396395875238
25.022155498546987
22.513098834335402
25.695448081099673
31.650724172889667
21.727841972602327
26.859328980873773
25.16519812480378
19.989407985599794
25.768627528022414
23.17526129661704
23.21459687134807
29.157877148825513
9.104237109626165
23.543916609859238
23.717496308395976
29.698509826601978
25.135565846962717
29.243099981353698
23.049033756703025
20.22945550246229
22.161344576640555
23.007412445555346
21.119720102144406
17.005341380321678
25.595165755956252
21.476677162976358
25.867607083516532
24.402022298499556
19.362128107706827
